6.207793447559661
5.630467045020371
5.033012051869508
4.674627097213058
4.231971453168144
3.698829868296089
3.3311891536764726
2.9317748673921487
2.452895353358155
1.9971894091412707
1.7272459764648371
1.3234178967338976
1.0599159076799836
0.940117446039697
0.6344295913148379
0.6203084425753478
0.52533079007676
0.7129070899850347
0.7535871943006689
0.87001517765481
0.9317226492559216
0.991092009605481
1.2153514420548623
1.3092657089738085
1.2602134481141092
1.2076293170022259
1.3718858823727047
1.276400455230517
1.3332180988236404
1.192849810995952
1.322731835089892
1.1666105369001771
1.072180450803056
0.9694929964927818
1.1031458685421631
0.8557199969166269
0.9431315861729789
0.7130591969627773
0.6904394016915607
0.5868635298566006
0.5121629906454395
0.5330529487592188
0.6262731898559857
0.6310404458751785
0.5572260080751857
0.6117774904107092
0.5943424095507948
0.6809410953430738
0.6058802172244502
0.6932461362118364
0.6381411992586737
0.5292730035260892
0.5818080040779924
0.6735130416806473
0.5606862481059955
0.5339390717695065
0.5972649907360605
0.614415207626521
0.602148104775543
0.6044484232653835
0.6134087600767697
0.540091545290286
0.5524080195117541
0.6321707540021634
0.5963340985138794
0.6337058613161288
0.6141515475583731
0.5246303228266909
0.4585383029829947
0.6186248398484612
0.5916687354580319
0.6378723372150469
0.6331783238658142
0.5941806183649767
0.5877823545325339
0.5437801768450462
0.5391673626790883
0.6622522078920047
0.5467782017128371
0.615220354410915
0.5510303370346381
0.5995949467043049
0.5205428424578024
0.6403911090823032
0.5716592773942133
0.5753719496203424
0.6470995057142587
0.6544980185048908
0.6512328031182645
0.6436685646406489
0.5588463568096834
0.5975174111106478
0.6817594245639513
0.620888160988238
0.6141962944756109
0.5490099438777882
0.4673362203847461
0.6100797890841388
0.6145472334835732
0.6379304802044721
0.511464770128107
0.6495890708712152
0.5722453441182318
0.6144589873748195
0.581942669261982
0.6086279769086811
0.6528879362006093
0.5905516970146447
0.5234059189052113
0.6076841245463516
0.5623831921253827
0.542177143354238
0.6304716932067792
0.6263529040883123
0.6234256906580372
0.6026310824329973
0.6640899590970206
0.6040532737244936
0.6149934876634933
0.5845735716548154
0.5771332360841417
0.5883271515274214
0.596594148797097
0.6515025736257971
0.7290619973947793
0.6821022107719908
0.634225270429186
0.6951542664454984
0.5864570923275523
0.601268082602737
0.6587454431265571
0.6283079571496057
0.6301347145926797
0.7199773198109757
0.6105714831405552
0.655914739840471
0.6412295033281811
0.6225598047151268
0.6339012874346506
0.644105715583651
0.613187787961263
0.5904491891775296
0.5697576540039729
0.5932352797453
0.5814882981035985
0.6484391567355526
0.5776541450964019
0.5340556117243529
0.5774274816164666
0.5738558523450873
0.5437182719893254
0.5790151461340476
0.58128528779433
0.5583656015057992
0.6343399802511912
0.6223811022171862
0.5958081354743413
0.5357986847628922
0.6063097175608327
0.6278393258012981
0.6511117736145959
0.5339745324685121
0.6507002672182994
0.6146214850673438
0.6149136685044918
0.5711130271841636
0.5817903925115366
0.5272202274144123
0.5579831071193738
0.6400161758176148
0.6362571986230515
0.543855994086602
0.5863236261026984
0.5948133734105595
0.6017679205821724
0.6336338494974221
0.5113804312632892
0.5687782876905437
0.6021513790370154
0.5616872343935436
0.5982077742646957
0.6087795858901166
0.5896796878185503
0.6404685500349374
0.5694181056468939
0.5762646461212158
0.5719192511351551
0.5230226570862678
0.5593694310710025
0.5309690380738948
0.5560469595696316
0.5898831490769344
0.5902233861016892
0.6684017975613902
0.5753151498429248
0.6249965625592857
0.6503183084188875
0.6200691046490024
0.5867177466359651
0.6712678220493775
0.6282115324867196
0.5970427170427702
0.5918390841375875
0.567274481769493
0.5950608339178493
0.612003076488238
0.6468800882689716
0.6451712107759202
0.5421780804129434
0.6346143387554432
0.6372204148751063
0.4978024483738704
0.6081154334641158
0.5813682065791103
0.5852357837331463
0.6082759854041895
0.5951834420551849
0.5327118242098513
0.5795590568422673
0.5620243002853585
0.5734180016580421
0.6074665193322641
0.514833346034724
0.5746922937005087
0.5717221040956729
0.5403872729540907
0.6285665528345359
0.5049532096357545
0.5381312701029981
0.576396199053992
0.5962005319200495
0.5924424619129713
0.5308302495370412
0.5597409533439986
0.5630999115771307
0.4983041634414013
0.60302029250478
0.5902906282031575
0.6283449777432003
0.5518372042105706
0.6516890312477948
0.5090118253890682
0.5502394001945696
0.5925785940904664
0.5450693170607328
0.5308498409101517
0.6107868068461335
0.6209622806792878
0.5755338706646632
0.5442005576984167
0.5418803640941474
0.6028993817964191
0.4892350677964121
0.6302501559619571
0.6141799829603113
0.5373371732760043
0.5648388984876404
0.588224713472361
0.5305044641145659
0.6725895055627871
0.5568214684298963
0.5247709116155511
0.5912509503525518
0.6162256753285077
0.560536084951992
0.603771739421985
0.5268379377923702
0.6119386061895896
0.6167641304141338
0.6245374019326699
0.5950950095976313
0.6287199216067147
0.6021040087213791
0.562486090469222
0.6677880159800145
0.5522759480527438
0.5726664237579313
0.6517604532021825
0.6015139993000422
0.6373755961866032
0.6665438853720862
0.5869368115815881
0.6262819027975542
0.6109210548784005
0.6137915123314407
0.6588230836889363
0.5617696454393744
0.555346546971196
0.5988110017371632
0.4941201550738567
0.611021108420065
0.6511124719214726
0.6304987284757967
0.5135963593299008
0.506715020037577
0.6026580623745829
0.5282715772159111
0.4560839382659508
0.6075080657005809
0.5645149556610418
0.6034456132560034
0.569038751879114
0.5703003604371741
0.5242205466570866
0.6054785124304287
0.5346619185799493
0.5897717070843916
0.5395075231021107
0.5970691461177797
0.6149130449633206
0.5389921070192717
0.545041969017941
0.5243923743060269
0.6146869187831723
0.5365211953688099
0.5487853330815385
0.6446554819544645
0.6192764110165238
0.5510025205964076
0.538939018155088
0.5704219131874436
0.5755459496406191
0.5756202961559831
0.5892881883827701
0.5794067059670379
0.5998433294030482
0.5463337410100846
0.4422248991734448
0.5554856195599434
0.5615173698747469
0.5449806192793392
0.6089351449345175
0.6256031364747393
0.5576872581418401
0.6215984369827223
0.6156971710869982
0.5500465388110731
0.6301043332293939
0.5563900523237872
0.5315921713425541
0.5713347099991082
0.538084548129487
0.5923528671685775
0.5863590814840238
0.5623408251858634
0.6267846399797269
0.562157869166563
0.5592685841173743
0.5916379951274896
0.5187762657967615
0.642767099579835
0.5830727795170422
0.5658528804029774
0.5851062451255413
0.5278566388514535
0.5788282486440002
0.5318213417206262
0.5674625061241827
0.5142752915327429
0.6192243648296993
0.5700079623709654
0.5160676796780507
0.6098053935189737
0.5415866103498352
0.6048686284115934
0.6268385331559442
0.6523940414675121
0.6776636943864451
0.6340776260306494
0.6949604351802111
0.6867768706802447
0.7255662515562171
0.6222765870595963
0.5875193853506743
0.5470193551288033
0.5730542041222978
0.6117852553379929
0.598840004148733
0.5876081910395097
0.54556022461493
0.5296454619533778
0.5823437204640699
0.5423837491444874
0.49317870371639905
0.6069744437823791
0.6329226380760342
0.5766010593894955
0.5875017778354439
0.5666920989882244
0.4828241633493679
0.5646756069873511
0.519408893910467
0.6010083735463906
0.5795096592818342
0.6401156912452818
0.5116186137464473
0.5440477086345007
0.5215814406350723
0.5175097523482541
0.5590842310950468
0.5398546153028928
0.5561885696295666
0.6247467859418773
0.5774936843149894
0.6134929771629053
0.5286514076272582
0.534071136398964
0.5961254997680627
0.5421697415556824
0.5759515519746472
0.5577145697782742
0.6227826365896559
0.5522510442279837
0.51732884506171
0.5068795233695671
0.5147934376783262
0.5777972877037246
0.500214031158264
0.6303727158915281
0.5630678611687123
0.5905038586465455
0.5664007814456595
0.537415077502694
0.5822433415402152
0.5496445124260885
0.5207900382227734
0.5860532182407048
0.5261093484942425
0.6341139869439935
0.5387516498232369
0.5213736913758649
0.5693179727758999
0.5484343873113542
0.5726778541952529
0.673539011032846
0.609244177365177
0.5700590895279966
0.5758465376252706
0.6204860034714076
0.5278564905882954
0.593333443943404
0.6256137595707848
0.5149124696685551
0.6352538255807779
0.5427289363634312
0.5767398493881082
0.5719785453203936
0.6323384680452236
0.5911144222147587
0.5902678706034022
0.6010842982783875
0.6253769980222317
0.5424680156058885
0.6015302098753348
0.5593531954115342
0.5077509554467523
0.6269672621247419
0.5013961270308832
0.5621428424820365
0.5595691381336241
0.565606964572115
0.5849372069836707
0.6274006202624368
0.5714960862324301
0.5252804069151764
0.5060347113396323
0.5409813999703275
0.5605637672810346
0.5754372131029332
0.5543419688809144
0.5572799955681093
0.567871704019984
0.540213642812027
0.613558576411024
0.5803708487053216
0.540630990019865
0.5174566476910796
0.6436478397173458
0.5845332423278128
0.5220899042208009
0.569057728192615
0.5402448302482905
0.552975966311624
0.5405845009519463
0.5315224095831698
0.6275198350076829
0.6192687936357497
0.5888494666275823
0.5055229360292076
0.5449416817452447
0.5877613472436887
0.5437622724563922
0.6200872217350445
0.5165952090632132
0.6493492435763596
0.586151356357887
0.5310492384774489
0.5656292147289382
0.5323025646718763
0.5647680739405487
0.48733166203457856
0.5883015240048777
0.5608891767979539
0.5464606456118047
0.5964916417924839
0.5704951693137251
0.5424748470955891
0.5667675608450372
0.6018378655667698
0.5483325048169101
0.46954144635000183
0.5809955503409515
0.5775838425283744
0.5699548129693862
0.5892156459524321
0.6254329642118744
0.4721363119974392
0.6310414312935648
0.6108129957288342
0.5956206532838632
0.5352000029796077
0.5668836621478855
0.5354869363508379
0.6483079231767449
0.5901029862494102
0.6002118741303889
0.6602112204876001
0.5825848271643435
0.6420750114239013
0.5557334348151493
0.5900838382455634
0.6522393535829211
0.5288221306717575
0.5375701569235983
0.5902141109650038
0.5849131960634213
0.5439150433693077
0.5242024834951308
0.5106849987438253
0.5710956017958189
0.5824029829717015
0.5696698721177087
0.5438971797653247
0.5532221119078442
0.5226576898777763
0.5845857430475577
0.4975443221153786
0.5803205771052538
0.601398487653359
0.5565210382401116
0.5589373482592208
0.5849364768212795
0.5871075706315767
0.5929815668949562
0.5764656739812613
0.5392199280769314
0.6332601560842063
0.5362021112015378
0.5907362618146278
0.5899443196983849
0.5718569936219539
0.5216923854070931
0.5944708585814522
0.49492321424578606
0.6966440477199991
0.6050712231137441
0.48583376522628485
0.5821646458200719
0.5588263274191642
0.5859405715312226
0.6530399428107881
0.5922175111964276
0.5537847484938108
0.6044200067739873
0.5079555803823935
0.5130169547444932
0.6049797991398411
0.559091270312313
0.5283352743906143
0.55721632034393
0.6007062580576134
0.5787581251661822
0.5634384467961687
0.5284928639052103
0.5687842251632839
0.5724552899184262
0.5544931540817543
0.45968117775772094
0.5318675913018656
0.5207719739298077
0.6040343257004718
0.5760092894173909
0.561437950665674
0.5787664534116344
0.4639023512239765
0.6474153706436959
0.5428202965229998
0.617869501731994
0.5444244995615244
0.579268736075764
0.565384949525414
0.6092295044481219
0.5918356924618443
0.5320615786161816
0.6228242590544378
0.5617731725945002
0.590133240137873
0.5062042034346562
0.5344815019221066
0.5487660230378854
0.5993199289130267
0.5503900887068255
0.575709675428471
0.5816190349073249
0.48277125536208393
0.5886711488460087
0.4780933901636816
0.539949662756356
0.5468965128287816
0.548119621752261
0.5261877721212733
0.5169025076778124
0.5596037246002391
0.58057916806431
0.5391791410294914
0.6192065116243478
0.5314621876686525
0.5280320615091789
0.5367563279944098
0.5692197627136135
0.5448702003526538
0.5786725576344786
0.5071962141821099
0.6377299658146435
0.6034961312056167
0.5375245506161987
0.5162687768043364
0.5696168000075873
0.6022460726401312
0.6050260832135768
0.5088840209296381
0.540263682593565
0.5700352469072641
0.5710685115246759
0.5310105418253099
0.5151090602217836
0.538360297389949
0.5949363235464782
0.5519076995791203
0.5543579881825871
0.595404586181005
0.578810812437321
0.5429930004626761
0.49443451120461523
0.5737514339059626
0.5851488976441931
0.4887281987738208
0.5552684166955449
0.545275623213504
0.5506832991979551
0.5758408873870132
0.5413579577859272
0.5412506138016612
0.5115791057935721
0.5446483268584071
0.575306866110269
0.5301177704512636
0.5747754888715055
0.5810906015402986
0.44457871548532507
0.5932006265304449
0.4510644963004607
0.5012992185332505
0.6202940299297923
0.6059206000196123
0.573800900787627
0.5219530805866731
0.6035628098381952
0.5264965418148178
0.5418972881427547
0.6078731793062644
0.49947410259828323
0.5352160721444106
0.514954900121528
0.5779774051869344
0.561847198464505
0.4651415232681697
0.5918174461330631
0.5297893475705115
0.535291145022999
0.5686894286953723
0.5757210802366043
0.5375549010003711
0.634590272028219
0.52816460990084
0.5316473324759518
0.5140317760587629
0.6339784354986787
0.4959993993257871
0.5923555459573281
0.5323839997275579
0.5390345374823413
0.5294726270401392
0.5797150680562787
0.5230394880236958
0.46742846209608646
0.6018493613180527
0.49866082837483466
0.5706015889100028
0.5616726275881184
0.5881891693972349
0.4750446231648499
0.5770840021821926
0.5588961169897317
0.5477685160184159
0.6483368262906519
0.4833801086289465
0.519955845418006
0.5417232087646863
0.5997291594046898
0.5854168268681006
0.5964200177065089
0.5605921391323118
0.515402878659867
0.6046906606468653
0.4858352188934731
0.6359960581429651
0.5402598053084
0.5684485353128655
0.6117676445157584
0.5766916528521633
0.547443184736186
0.5796983729569369
0.614999251536121
0.5621807657137157
0.5597025716459298
0.5964908000532319
0.5795622308643081
0.6068705332392209
0.6554584310777518
0.58330283972942
0.5426234815282821
0.526040241227829
0.5950012980181747
0.5949194531888559
0.5299756731531188
0.49943411404208066
0.5042710568323837
0.5841492406634563
0.5907084126515302
0.5658747334298795
0.4939256081010235
0.5292276679680561
0.5848518343451431
0.4690668561035612
0.5981015545316003
0.5573117328154025
0.524100745521782
0.5616590532005354
0.5866453834888946
0.557465966437984
0.6041201503984475
0.5196399078225311
0.5183578622204539
0.5253587502005856
0.5716089944830829
0.5274714052299355
0.5608869708933868
0.6136968794759036
0.49579079435983836
0.5684289096432295
0.5254908152239001
0.5933539805017555
0.5443402609635887
0.5050878157866132
0.5525903730847097
0.5517306950260293
0.5791094630964209
0.5655459798963024
0.5195828278224761
0.5230484726214817
0.589963008371746
0.5482323369696139
0.582414980467491
0.6083712945159331
0.5462432803783711
0.5361291807383443
0.5387845910928142
0.5842937346589374
0.5552715679362893
0.5341603340604699
0.5906570001697492
0.5639586751555676
0.5182142217432927
0.49414480171698094
0.549304928666317
0.5406773617555678
0.5367708417371283
0.4809186399882718
0.5669557392662423
0.6407615838840381
0.5475207225608737
0.526499728700715
0.572770658200153
0.5983186705074863
0.5187321621059682
0.5165392937986683
0.5273133126217747
0.57819687144261
0.5624888851626397
0.6129955219114334
0.5607460451337397
0.6371787380981323
0.5045386559323367
0.5304057217389476
0.5744102038227517
0.5505354262177701
0.5196143386112708
0.4909387203695825
0.5170993477383062
0.5470733659625912
0.5995568259622204
0.5877446378862377
0.5804233241935118
0.5091204220002874
0.49106861345722996
0.5458487325482796
0.5114033292314479
0.5393211201447624
0.4853978062749485
0.5402742058107638
0.6042440764084209
0.586858087076633
0.5601120965238061
0.5364760769872977
0.5375748523378806
0.5200669975815332
0.5382449892561463
0.5465626149937313
0.5332243118828704
0.564186502860889
0.562830390602796
0.5210049542346059
0.5477783170065512
0.5236947840254034
0.5958130077147167
0.5621715336940681
0.6540131429627187
0.5558137721629189
0.5023376449306105
0.538027242466302
0.5414677362376371
0.5632780490642059
0.5455784785944737
0.49389254954570644
0.5014205207734331
0.47439188408606336
0.6257873501247943
0.5131916304108888
0.5260716401728702
0.5345708425422174
0.616368098697506
0.5680643996569115
0.5742742237901322
0.49932891753047637
0.5341689791112239
0.5939884749853367
0.6104265970291093
0.5697418753968573
0.5549008497390888
0.5438121421755983
0.512264128508737
0.563515674701722
0.5102050347222984
0.5340194088486462
0.5443340960009053
0.5090608418627776
0.46861351614603747
0.641452654789952
0.5174316555496372
0.5789632766772653
0.5202144019981323
0.5673444141112397
0.5476786160295892
0.5274238123728502
0.5802308412044006
0.5430017987923287
0.5270579988481083
0.48554758968409417
0.5115194308809579
0.5304311686952818
0.5235703058352884
0.4743210542494997
0.5238780233070635
0.5567759686698128
0.4973384352391533
0.6022256182948351
0.5605891267151089
0.5094323532266746
0.538909417573525
0.5000632545505529
0.5012173965214946
0.5323955953483235
0.5526943218323334
0.5182201202065284
0.5935197125356787
0.5779700781323585
0.5752745776438702
0.44769229993982457
0.5972685080737022
0.4577662127168882
0.5783109776770633
0.5270335081341558
0.5316666838958168
0.5681837582720363
0.564955977253887
0.4726662666626607
0.5578509196114544
0.4995406798161852
0.49726274755509026
0.5962995091102601
0.5251523277916506
0.5654488130505159
0.523203065488817
0.5671628014467922
0.4949523497897976
0.5226610508253975
0.5771615297189273
0.4877256154507659
0.5145303855590807
0.5763678498409596
0.4919158218755201
0.5424502582146602
0.5425573335681724
0.5854246762486215
0.5123803575188076
0.5876130027005653
0.4862956021313387
0.5675785873528422
0.5801516919573126
0.6088983593416073
0.5074111604054657
0.49638073394380344
0.5292509281787361
0.4839546442796269
0.5591731137886762
0.5138482357618045
0.5129888612723742
0.5416012300748371
0.49128958326572003
0.5781594214989544
0.5717068923677792
0.4857775673140743
0.5625666429200459
0.5289407128172767
0.4704856131107198
0.562097169292891
0.48637779832418
0.5528580552878934
0.5846697245028076
0.562770508923775
0.521898024423417
0.5422933336254525
0.555566217939623
0.4960890798866285
0.5291146540499998
0.5845218939852225
0.4848311478624101
0.5706924745694519
0.5649660439576842
0.5045995068678233
0.530228869613541
0.566293954440294
0.5178199237249006
0.4937705697515576
0.5279893597910218
0.5798997984608948
0.5282909850393593
0.5547745591260099
0.5223568801090288
0.5267384639631892
0.5251748854493049
0.5205011678456678
0.5248056081826504
0.5918735406013359
0.5735090988062916
0.5299415897079587
0.5654846257304178
0.5468725690918542
0.5092980471966481
0.5070058886810327
0.5717257970073824
0.4958858210998727
0.4795896176749277
0.5178954653321887
0.5553344223350947
0.6124808062769783
0.6401794304871806
0.5466666288306533
0.48793245633805526
0.5643160504579982
0.5302733963590651
0.5899653177881032
0.5602142951414626
0.5268219992149327
0.5986576686370678
0.5747289014342092
0.4838810092447862
0.49304462868903337
0.5888464331644178
0.5880956746490896
0.553262812067889
0.5133743503885629
0.52830042382294
0.5250292757804859
0.49659907036291373
0.6049539637051027
0.47887561454764405
0.5019733877827776
0.5830018764800452
0.5760481691604078
0.5110783000384106
0.5418620585479096
0.5764848399144752
0.5492767187780211
0.48482524974164143
0.5463839033168906
0.548173667117222
0.5451998215230148
0.5829639440363514
0.5682205723728918
0.5130429901643854
0.5034920747710474
0.5212097685040454
0.46147500054468876
0.520817479708434
0.464220540618801
0.5286887634514474
0.47648407685529476
0.5048163037985679
0.5810385215891146
0.5899820341133265
0.5125452024407834
0.5770426190259014
0.44229923667680254
0.4740722941624004
0.528727996384282
0.5697132934025815
0.5368743308780158
0.6042615955231845
0.5247246336084961
0.5609758280806871
0.5581809618987302
0.5684202721035955
0.5703134445765378
0.5502645219611487
0.5134883247308815
0.5038001360528339
0.5168496900446854
0.5706338476612084
0.45725418340983465
0.5366293747940143
0.5568944650614284
0.5143557820319717
0.4519414873072201
0.5307897087000597
0.5951606465948008
0.6241989591116004
0.543766785059073
0.5889827128995132
0.4829247153241575
0.5906699263539464
0.5147437891149019
0.4986831179939773
0.557142766408336
0.5222296602278839
0.5494247534841957
0.5322097722590899
0.5474548310063547
0.5195975981036612
0.5620188983567058
0.5296189213813987
0.5732690879018224
0.5210368642853813
0.6224921485747332
0.5181774911270289
0.5003134155630731
0.5228464061083788
0.5395785702081204
0.607658221708099
0.5030649740221719
0.5513771244328904
0.5728264335230875
0.5634350079861151
0.5461930924589151
0.5747527224593543
0.567659031157536
0.5457350137953609
0.5601758514525342
0.4970923633279064
0.6046915130287247
0.6025440199185711
0.5283392747257841
0.5359326402269243
0.5766488617270492
0.5084629379280828
0.522613647227674
0.5826672187545608
0.5495283321369618
0.5113616492451167
0.542541434870958
0.5111156344770409
0.531430592922368
0.5618163306818523
0.5669397294635947
0.5464361838247678
0.5864845935223295
0.4873686658129334
0.5370651396225739
0.5418798321059165
0.5880945467213857
0.515234074124881
0.5588089846325679
0.5377180617810514
0.5637963701226227
0.5629385976832441
0.5422503187327363
0.5536471804965718
0.5198305382583874
0.6194318840880031
0.5577899322692159
0.49585518106236615
0.5144551122427486
0.546371404610536
0.6157150390316215
0.5364658866855464
0.6001622316301737
0.582764067302854
0.4975962665270537
0.506215958991806
0.4606291677974752
0.5308914095604146
0.6054908186839724
0.5478378267478454
0.5293711307234588
0.5652662020466626
0.4839769581950396
0.4972820096774435
0.6149150291004973
0.5604001053929096
0.5196809217703718
0.5230836833023935
0.5812869535764491
0.5466184707320857
0.4856144561509004
0.5374689278429735
0.543846902363766
0.5402427160959187
0.5110104552056712
0.6278739757968761
0.4860313065470831
0.6225072731982649
0.5724106936693021
0.5511282113969747
0.4766018338930928
0.579033535608942
0.5644589373079001
0.5535698954355739
0.5640834030468762
0.5495862176578561
0.549068061177347
0.5479112116974025
0.4956237874662627
0.5481561992960402
0.5421174046356867
0.5783967077835888
0.6494259649091768
0.538458221316057
0.5653555017007988
0.5120010774735049
0.5403190000665782
0.5847568532005553
0.6103275922023046
0.49475786456466503
0.5193605295302977
0.47017522072831897
0.5400106103032511
0.5799879523155289
0.507521604643085
0.5280355662744598
0.51422696390594
0.5056184923908567
0.6175653675242605
0.5259325887449307
0.5064776235733341
0.5328668148951072
0.5040463405710967
0.5709383005045684
0.5534599830420333
0.5186830726253879
0.5196037790421331
0.5196559262649344
0.5547318401142991
0.5070475993416516
0.5047958065924038
0.48391543473208015
0.5592463726361633
0.6071777440791551
0.5345068748110878
0.4822946972412737
0.533006948498165
0.5484624666044069
0.547677994897963
0.5416303613618131
0.4577946218319229
0.5547831205195599
0.5260190237484599
0.555660147936576
0.5695771521923124
0.5566602298445344
0.49321199078020816
0.46533942542884354
0.495237344122552
0.5922903099029345
0.552933376458016
0.49640365619712074
0.5370343965970121
0.5323154932375274
0.5661384985734356
0.6467592850430536
0.5348182031080079
0.5001073107127286
0.5179389693007962
0.5860889030841276
0.5483826806234332
0.5662070862588089
0.6586812848947118
0.513468057441888
0.5370346305293142
0.5275470446078504
0.5284218977544176
0.5771837488039041
0.5666873993833128
0.5333661199012422
0.5473643420282148
0.5743955431340456
0.5404848342365471
0.5704162619943857
0.527947453301678
0.5349893350073031
0.578508563194187
0.5988878691000544
0.5464521392813205
0.49966166277592927
0.542385887131974
0.5339051897096463
0.5553480778241576
0.5082759578680737
0.527646160609265
0.4969585285540294
0.5092873268679566
0.5319660700837958
0.5036680238537623
0.5281850369229131
0.5706750546286092
0.5494531524712863
0.49617208047792744
0.5324299746817784
0.5455055046612358
0.5574263396459089
0.5410839209737552
0.5271635194796443
0.6031571484713492
0.5638598028830255
0.5361886519996758
0.49199321571757065
0.5220123392350239
0.47088064147232644
0.5566764583151718
0.48010237584482307
0.5650753913877238
0.5012693365268737
0.5349128968583827
0.5449867887684782
0.5202085198954847
0.5427162325131445
0.5679680144492965
0.4784613253031011
0.5006515875418152
0.5908023870845894
0.615100122303426
0.5669249737660607
0.5738679767156094
0.5363094215679599
0.47258578998509543
0.4767313834349334
0.5174700915649796
0.5265200081160987
0.5444163961882595
0.4757151208111649
0.4836648689218003
0.5865481558426369
0.5236600262381864
0.5021773893804174
0.570470130198803
0.482544625316259
0.5152846424489121
0.5861057941476429
0.4962083112147774
0.5678758212921633
0.5176653544561196
0.4893805280593646
0.5386480186809167
0.5096064390144146
0.49226967363788904
0.4833494237639732
0.5369640277358346
0.5716180317944433
0.47827286123580803
0.5502219185632109
0.5993643557942734
0.5375133667215407
0.5340954133166442
0.5801952269921802
0.5193812485298668
0.5181748163423839
0.440694246302806
0.5334512401197454
0.45884167885918914
0.5637726447662907
0.5708629147327912
0.546540565444923
0.5816223057996939
0.5271328245233429
0.47282613232879167
0.5143159969476249
0.5796267222122837
0.531615755625052
0.5414679097828962
0.5101994299100445
0.4655712858949829
0.4597963860336109
0.527407659581121
0.5321717397756552
0.5008741047880757
0.5453604153709257
0.5924761338674207
0.5102399132923181
0.527892671384589
0.5249518435053134
0.5571198066065433
0.5600209279960322
0.48880235807324884
0.5175833151168582
0.43755979660686356
0.5256834909729847
0.5070232725966597
0.5354703474296109
0.5720186551950407
0.5496938236293212
0.4979589857172156
0.5730639930272206
0.4155841216828099
0.4995872530353628
0.5429150397101425
0.5763772103643388
0.5359675532228095
0.5284144620613215
0.5290449793463834
0.47204539258628664
0.5030333414734522
0.5692504133647582
0.5248213575910351
0.5380688850136287
0.5085081482451308
0.5676554536720702
0.5180620179745334
0.5852372879811388
0.45714283316473847
0.4751509197772195
0.48946673840832206
0.5471492728368007
0.5245298531307244
0.5938596800194106
0.5543661112575375
0.5394058821550611
0.5116294557215073
0.5725811725775406
0.4970285748913101
0.5131538259816084
0.5548535180586969
0.5541391557729912
0.48752548906665116
0.5459063695552042
0.4627556626155254
0.4771275602069409
0.4194157871381162
0.49439383140681287
0.5929091696016145
0.5338188018343781
0.5327850876161687
0.5676035551468057
0.5475341739281523
0.5300529823677587
0.5214743126206512
0.47849222871111663
0.5813829861801761
0.5664542895830375
0.4747172622172059
0.48368028560921317
0.5269878282978465
0.5668434209860876
0.5197406821253318
0.5067530195190909
0.5349890111912959
0.5425340909301629
0.5292486474101454
0.5163662282238899
0.503424538799928
0.49821812872974985
0.5227777651467638
0.5280817017429615
0.5073086427795723
0.47668684549988827
0.5031121465157067
0.48299290928319466
0.5708290904458354
0.5379360086651984
0.4860566181551995
0.5287022533386128
0.5980652582783117
0.48089545506327513
0.5855589147501277
0.4449867232809903
0.5346535893767751
0.5252220201467899
0.4969302622652304
0.4899478126219726
0.5788352050972372
0.5868830834182073
0.5030747769768786
0.508635003665868
0.5641554973187053
0.4917911841565061
0.5066930737461045
0.6134312548125221
0.4998014804615402
0.5049113478495266
0.5216040554334961
0.5136304211104666
0.49848013573832767
0.5399254932961172
0.5042328962729051
0.4777534626235534
0.5248799703491805
0.48428952870357483
0.6155399099999298
0.5354778547678251
0.48206702831798737
0.5437422904753388
0.5143350010403701
0.5141400291326081
0.4803900929601359
0.548282627021482
0.5583984636117423
0.5353872953903077
0.513563036896532
0.4980147174192419
0.4547103003024018
0.5285574257985659
0.5510219374166558
0.5472816514115125
0.49756830679084835
0.5506837870730084
0.5497702782192914
0.6145747102312442
0.4615744904260605
0.47689636439834937
0.482436640209614
0.563276887120316
0.5960706367214379
0.5352111043152755
0.5499905370487341
0.5605242586691255
0.5545633566865553
0.5807950782202832
0.5754082337874772
0.5645958907831986
0.47937521672453093
0.5276892586159744
0.5587393069594042
0.5178706521639969
0.5563840726634055
0.49460074127287385
0.4714964010195161
0.5751674552604444
0.5928744338879508
0.5359693433721311
0.5057268811653924
0.49263590158758397
0.5172488952500414
0.5373192399078641
0.5132923841446531
0.5288247486868187
0.6025453287509106
0.4872298316389525
0.5542915592765904
0.5545249473654829
0.5244607057884467
0.4769886599891042
0.48564495821627474
0.4865537042066812
0.5087007418638564
0.5432994561604042
0.5067363826669813
0.49550589369462616
0.5045776933933941
0.5724546357800612
0.5535545301805281
0.5445953259746519
0.5062321307602167
0.5347684563753226
0.5143121739198987
0.45849143837842665
0.4639086629902054
0.5438112724196028
0.5115259154119165
0.550616266108442
0.5588594819420613
0.5446307765765525
0.4793515021701559
0.4982716975413928
0.5643065681479201
0.48059448621594053
0.5299176094707763
0.5432399704128502
0.5340263308792546
0.5176659741253927
0.5396016295424352
0.5053893552368097
0.48802767454149254
0.5221722065979718
0.5414252555366565
0.5443295956556548
0.5553623075427071
0.47698712237474666
0.5102459495608097
0.5579615426005602
0.5454975909850976
0.564772910112981
0.5372067351166404
0.5791369104196415
0.45760323384235135
0.4351235288846725
0.6393823601166513
0.5065611015028221
0.5327022463765192
0.55084717273776
0.5624836087268442
0.6393205153021229
0.47258831224189274
0.529406847311419
0.5433766643199853
0.5736969779605359
0.5531729302014889
0.4874955268649495
0.5705058416279234
0.5092281576285113
0.5525521820717594
0.5417774425068288
0.5272163285231304
0.5591689412042886
0.5024291828301478
0.4743715606651896
0.5652660382223875
0.5597235581088145
0.5482188429545577
0.47819688121366327
0.5442481558584662
0.5462103139134371
0.5088784801685063
0.4851830128591573
0.5169311108049391
0.48716656676421016
0.4903581823173939
0.5508291879945787
0.5494923196298855
0.4310772757600874
0.47478451445377673
0.601725218600676
0.5406030703915978
0.5273424701656786
0.5276130700687766
0.5413706592851388
0.5317578278819475
0.5154360806368218
0.5469286222171599
0.5266114451242035
0.4984456700729873
0.5558125215599072
0.5038394468363908
0.5194276662315023
0.5182545640795183
0.5685826159572057
0.44755704327129464
0.5786253030045251
0.4645628169222437
0.5238498879812835
0.5550206114724069
0.5093583131943645
0.5475979585550773
0.5160284078815909
0.5096322400291795
0.5266834098122133
0.5360249608345174
0.5363515018995266
0.48891884001481295
0.5289671332028728
0.46766217276080196
0.5497640315668515
0.544085443566179
0.5117089523735142
0.5409898531000122
0.5508268634261931
0.5157882468460656
0.5037581054218024
0.5897669689356448
0.4946850913844273
0.47541169228085794
0.5228739264405331
0.48885831423784026
0.5364857705041144
0.5574118562731446
0.4596278088525517
0.5171175217121049
0.4747874536679062
0.6205258393537586
0.606598016872081
0.48099616671457635
0.5125832556302302
0.51800574065389
0.5373065942221124
0.5801334155844587
0.5727605161669852
0.5112747033966207
0.5192254128364991
0.5428808747411646
0.5513126255343679
0.5047016387815639
0.4633427541038445
0.5258423945842696
0.5255303510796041
0.5736045927992472
0.5418533065315404
0.5383897312480536
0.5504178492391275
0.562342464897212
0.5209743783727371
0.5991665363614714
0.5830682138263881
0.4574428862598263
0.5148770639886203
0.47027107916600336
0.4870889791708066
0.5226814319572245
0.5577043146511818
0.4963418842051003
0.5203280609578365
0.5327244684795978
0.525044984990309
0.5019681524533101
0.572345421106043
0.46901053412124744
0.5222698812063709
0.4929015462604563
0.4659128000507485
0.4884553202135205
0.5373141979427307
0.5560617605018741
0.5009130318683371
0.5381005196309738
0.5482306475112122
0.5521700534471284
0.5004985201759593
0.5100550978545438
0.4975421278445624
0.4912899688589269
0.5996945723597265
0.5091225643955947
0.5876303710398831
0.448910857718511
0.4994499521814662
0.5274290399612862
0.5508096759117752
0.5142453004074692
0.4442084055338313
0.5455425808774893
0.5774853700205298
0.5011741833374193
0.47299288296430114
0.5631712068801608
0.5445684548901695
0.5092975640147764
0.5217779809103215
0.4931362106987921
0.5764858315046727
0.5510523577348376
0.5007732709071293
0.5380092772284619
0.49506555322983237
0.5283072140564328
0.5157557722349376
0.4823586691370859
0.5165325504151164
0.4940960372227229
0.5326076895126947
0.5407159016491628
0.5007599834461723
0.5366914104912116
0.563845016522582
0.49813764508914
0.4818813211435497
0.4971921828417097
0.4502454418556347
0.5702644240297109
0.5354287839978121
0.5158983837504505
0.5408646329322938
0.48495444994240294
0.5388964160772496
0.46869463601123806
0.5422321471058923
0.4750417482172146
0.5093217180066721
0.5134781888184677
0.5921608073024784
0.49646277922407406
0.4891829307961551
0.49872848510706086
0.4743574732258841
0.5405375412701343
0.5473513957658153
0.48286797481719496
0.571021119517008
0.5374339572462195
0.5293293416287034
0.5443556346985806
0.5090939401772332
0.4442913855005574
0.5558247525414045
0.49316566202552026
0.4929850309913009
0.5560692831967272
0.5693023632418239
0.5046315407617077
0.4951963035651738
0.45829285274905307
0.46696489453647666
0.5147164699476334
0.4957508865716554
0.5683193141421504
0.5463248939722448
0.5364707383512476
0.5390740824876551
0.4354995837955768
0.5064062437070035
0.525578892923131
0.5110316004254394
0.49779240832266936
0.5310213953686717
0.5191833592431113
0.49853275103421013
0.6094624158958036
0.5174713701550255
0.44776883510591453
0.5004845158881533
0.5283831888254668
0.5001786027793134
0.5691766058449138
0.5051135862754141
0.549463731385264
0.5242959565894136
0.4536972356562516
0.5251274033533173
0.538686156222222
0.5576867456990345
0.44455216372451967
0.5581942956943577
0.49179306863519556
0.5213540328018964
0.5381183541234331
0.5192948387435643
0.5325656487669866
0.45775096811574634
0.5018687017535636
0.5450991270304446
0.4929600608348953
0.5373780732127993
0.5482813804596609
0.49297105549907694
0.5029355389603395
0.5146112489582914
0.5904716138201177
0.5253954489825197
0.4745360219252033
0.512772038392837
0.5430791156758459
0.465181497102146
0.5289393054317572
0.5327766022307416
0.5037008899934714
0.5112263925360053
0.5598209186712073
0.47557354501145793
0.5224226627780296
0.5091763537043845
0.5250653608892071
0.5413570085075794
0.4946828048534561
0.4972335208114854
0.5002319344154446
0.4733071814142798
0.5766848088315933
0.5661508820901873
0.5111763579392351
0.5817175746993474
0.4906330355783906
0.5478490499738807
0.5326877717664042
0.47694916398146786
0.5404627155527245
0.5439720530562612
0.5165567904071474
0.5013286143563488
0.4791329229788588
0.5377668846199248
0.5339775506279016
0.5061577507064677
0.499890256484056
0.5226989544083547
0.48600715360538815
0.5436898734567728
0.5350870220026142
0.5193491916290675
0.5032068062816282
0.5223245478757239
0.524638557407727
0.5566064387848975
0.5353689427239233
0.5260872730796865
0.4380878132974505
0.47755781005911474
0.4484204912695276
0.5875623027161145
0.5909679889371511
0.6160146403439598
0.5478557761579368
0.49113884024192367
0.5148353364542269
0.46012205178448135
0.469976440240767
0.48071271232755747
0.47764600140772223
0.5402440964023905
0.5215300546696208
0.512110761361999
0.5237932216707314
0.5438012702260032
0.5287375455596652
0.5053813324399943
0.4772978190847052
0.4982156644438194
0.4640357942107297
0.5453027724627071
0.5881231092222686
0.45836620428704916
0.5237073697117123
0.5235073122436754
0.5329466174131708
0.5073446543760547
0.5309875356777867
0.4543112456221054
0.46585057345326186
0.5516842211710524
0.5768852093185414
0.488602725957057
0.4994021647888969
0.45999367638817523
0.5787212484657062
0.5679748247599645
0.4534793832622072
0.48909449313048464
0.5138730852250916
0.5252559541627765
0.5328003348071231
0.4708616853326116
0.5290329185911775
0.5223073369890912
0.5924125036037492
0.5002299038123632
0.5286239983165243
0.49059971348870485
0.571552126343407
0.5682205049713158
0.5317118707997072
0.5231474917831516
0.4822328412503293
0.46456055234604565
0.45961304627664445
0.5876528077686028
0.5284135025782656
0.550669329245671
0.4853783258356303
0.4998307003119114
0.5032740910963637
0.552492268397715
0.5181691703753459
0.5469979518218517
0.4526698476806779
0.5069424732934403
0.46513410203790867
0.5329689431743753
0.5689272137514454
0.523827346588631
0.4754611426182616
0.564630011097516
0.5123397908330116
0.526980233250121
0.4744849233320893
0.5423501584351559
0.5010588086794914
0.5009711451281726
0.5718308311293042
0.4515956148334601
0.5501738446286111
0.4784668235009719
0.5148203696638286
0.5442929574580729
0.5299089868567323
0.5548085586214889
0.4408174528067796
0.5397058793445081
0.5499370144819925
0.47733222941138964
0.5133820541253596
0.5146396860651195
0.5774455225764821
0.525990165646342
0.49950270471635577
0.5486715993246515
0.5038178862208585
0.4601070735883929
0.4874668577439591
0.5342170059146045
0.5023280143896014
0.5783294099485397
0.513327241062482
0.5450129526005706
0.5632481049134973
0.4818854284954046
0.441927588456415
0.4774435559915138
0.5056301586480151
0.47489800045880126
0.5057894344525091
0.5157818598624485
0.48438916562648415
0.5908300285928147
0.46360159352907965
0.4982902785954917
0.5719782973394788
0.5035737285242129
0.5859404903336334
0.5260121453239512
0.4909422766202307
0.5674055516543689
0.4697066717881354
0.5010274841236118
0.4646313627078764
0.4951047696523554
0.49575321292773245
0.519945644558526
0.4400820180560826
0.4342878163197519
0.567413078230582
0.537562054627434
0.562607835526248
0.4808080350307627
0.5766589611369671
0.5027481886972286
0.5492011318667541
0.4964275963640695
0.4841344040023065
0.4811227744900315
0.4873372425233602
0.592069879980214
0.5268193045538476
0.5659014540208762
0.5393814260667326
0.5299531723930097